R	8.46642	0.0287602	-3.04035	1477010443399637	8.6	0.25	-3.00029	0
L	8.44818	0.251553	1477010443449633	8.45	0.25	-3.00027	0
R	8.57101	0.0282318	-0.0105258	1477010443499690	8.45	0.25	0	0
L	8.45582	0.253997	1477010443549747	8.45	0.25	0	0
R	8.42927	0.0301427	-1.85813	1477010443604698	8.35	0.25	-1.81979	0
L	8.23962	0.24916	1477010443659650	8.25	0.25	-1.81978	0
R	7.9351	0.0237437	-3.81077	1477010443709653	8.05	0.2	-3.99976	-0.99994
L	7.84073	0.159858	1477010443759657	7.85	0.15	-3.99972	-0.99993
R	7.61428	0.0204653	-3.22052	1477010443809660	7.7	0.15	-2.99982	0
L	7.54016	0.159641	1477010443859663	7.55	0.15	-2.99982	0
